[[0, 58, 76, 56, 30, 53, 51, 28, 76, 53, 38, 23], [58, 0, 59, 82, 17, 47, 28, 22, 55, 72, 43, 49], [76, 59, 0, 17, 60, 43, 39, 68, 58, 45, 39, 59], [56, 82, 17, 0, 23, 44, 47, 23, 18, 13, 26, 20], [30, 17, 60, 23, 0, 42, 76, 80, 22, 56, 75, 18], [53, 47, 43, 44, 42, 0, 63, 28, 60, 75, 13, 95], [51, 28, 39, 47, 76, 63, 0, 63, 74, 18, 61, 13], [28, 22, 68, 23, 80, 28, 63, 0, 40, 16, 64, 64], [76, 55, 58, 18, 22, 60, 74, 40, 0, 64, 69, 85], [53, 72, 45, 13, 56, 75, 18, 16, 64, 0, 37, 87], [38, 43, 39, 26, 75, 13, 61, 64, 69, 37, 0, 8], [23, 49, 59, 20, 18, 95, 13, 64, 85, 87, 8, 0]]